Variable = LogStrainRate, Temperature, Xi
Zone I = 51 J = 21 F = POINT
-3	573	0.024556
-2.9	573	0.02087
-2.8	573	0.017186
-2.7	573	0.01351
-2.6	573	0.009851
-2.5	573	0.006216
-2.4	573	0.002616
-2.3	573	-0.000938
-2.2	573	-0.004432
-2.1	573	-0.007853
-2	573	-0.011182
-1.9	573	-0.014398
-1.8	573	-0.017477
-1.7	573	-0.020389
-1.6	573	-0.023098
-1.5	573	-0.025562
-1.4	573	-0.027731
-1.3	573	-0.029542
-1.2	573	-0.030924
-1.1	573	-0.03179
-1	573	-0.032037
-0.9	573	-0.031545
-0.8	573	-0.030174
-0.7	573	-0.027767
-0.6	573	-0.024144
-0.5	573	-0.019113
-0.4	573	-0.01247
-0.3	573	-0.004014
-0.2	573	0.006437
-0.1	573	0.019027
0	573	0.033829
0.1	573	0.050809
0.2	573	0.069792
0.3	573	0.090425
0.4	573	0.112151
0.5	573	0.1342
0.6	573	0.155601
0.7	573	0.175227
0.8	573	0.191861
0.9	573	0.204286
1	573	0.211382
1.1	573	0.212227
1.2	573	0.206178
1.3	573	0.192928
1.4	573	0.172543
1.5	573	0.145458
1.6	573	0.112463
1.7	573	0.074656
1.8	573	0.033382
1.9	573	-0.009838
2	573	-0.053386
		
-3	583	0.045735
-2.9	583	0.04217
-2.8	583	0.03858
-2.7	583	0.034971
-2.6	583	0.031348
-2.5	583	0.027718
-2.4	583	0.024087
-2.3	583	0.020465
-2.2	583	0.01686
-2.1	583	0.013281
-2	583	0.009742
-1.9	583	0.006255
-1.8	583	0.002836
-1.7	583	-0.000497
-1.6	583	-0.003721
-1.5	583	-0.00681
-1.4	583	-0.009734
-1.3	583	-0.012456
-1.2	583	-0.014932
-1.1	583	-0.01711
-1	583	-0.018926
-0.9	583	-0.020307
-0.8	583	-0.021164
-0.7	583	-0.021393
-0.6	583	-0.020874
-0.5	583	-0.019467
-0.4	583	-0.017015
-0.3	583	-0.013344
-0.2	583	-0.008268
-0.1	583	-0.001595
0	583	0.006861
0.1	583	0.017259
0.2	583	0.029713
0.3	583	0.044255
0.4	583	0.060809
0.5	583	0.079148
0.6	583	0.098868
0.7	583	0.119362
0.8	583	0.139823
0.9	583	0.159263
1	583	0.176562
1.1	583	0.190541
1.2	583	0.200054
1.3	583	0.204086
1.4	583	0.201848
1.5	583	0.192849
1.6	583	0.176953
1.7	583	0.154395
1.8	583	0.125784
1.9	583	0.092065
2	583	0.054466
		
-3	593	0.065732
-2.9	593	0.062405
-2.8	593	0.059032
-2.7	593	0.055618
-2.6	593	0.052166
-2.5	593	0.048683
-2.4	593	0.045171
-2.3	593	0.041638
-2.2	593	0.038089
-2.1	593	0.034533
-2	593	0.030975
-1.9	593	0.027427
-1.8	593	0.023898
-1.7	593	0.020401
-1.6	593	0.01695
-1.5	593	0.013561
-1.4	593	0.010253
-1.3	593	0.007049
-1.2	593	0.003977
-1.1	593	0.001068
-1	593	-0.001639
-0.9	593	-0.004099
-0.8	593	-0.006259
-0.7	593	-0.008052
-0.6	593	-0.009404
-0.5	593	-0.010223
-0.4	593	-0.010406
-0.3	593	-0.00983
-0.2	593	-0.008357
-0.1	593	-0.005832
0	593	-0.002084
0.1	593	0.003064
0.2	593	0.009792
0.3	593	0.018268
0.4	593	0.028626
0.5	593	0.040947
0.6	593	0.055225
0.7	593	0.071333
0.8	593	0.088993
0.9	593	0.107748
1	593	0.126946
1.1	593	0.145748
1.2	593	0.163153
1.3	593	0.178061
1.4	593	0.189343
1.5	593	0.19594
1.6	593	0.196956
1.7	593	0.191747
1.8	593	0.179989
1.9	593	0.161721
2	593	0.137355
		
-3	603	0.084
-2.9	603	0.080997
-2.8	603	0.077935
-2.7	603	0.074817
-2.6	603	0.071644
-2.5	603	0.068421
-2.4	603	0.065151
-2.3	603	0.061836
-2.2	603	0.058482
-2.1	603	0.055094
-2	603	0.051676
-1.9	603	0.048236
-1.8	603	0.04478
-1.7	603	0.041316
-1.6	603	0.037854
-1.5	603	0.034405
-1.4	603	0.03098
-1.3	603	0.027595
-1.2	603	0.024267
-1.1	603	0.021016
-1	603	0.017864
-0.9	603	0.014842
-0.8	603	0.011982
-0.7	603	0.009323
-0.6	603	0.006913
-0.5	603	0.004808
-0.4	603	0.003074
-0.3	603	0.001789
-0.2	603	0.001045
-0.1	603	0.000948
0	603	0.001621
0.1	603	0.003202
0.2	603	0.005843
0.3	603	0.009708
0.4	603	0.014968
0.5	603	0.021788
0.6	603	0.030315
0.7	603	0.040657
0.8	603	0.052858
0.9	603	0.066868
1	603	0.082512
1.1	603	0.099457
1.2	603	0.117195
1.3	603	0.135031
1.4	603	0.152099
1.5	603	0.167398
1.6	603	0.179858
1.7	603	0.188416
1.8	603	0.192114
1.9	603	0.19019
2	603	0.18216
		
-3	613	0.100172
-2.9	613	0.097544
-2.8	613	0.094852
-2.7	613	0.092094
-2.6	613	0.089273
-2.5	613	0.08639
-2.4	613	0.083447
-2.3	613	0.080446
-2.2	613	0.07739
-2.1	613	0.074282
-2	613	0.071124
-1.9	613	0.067922
-1.8	613	0.064679
-1.7	613	0.061401
-1.6	613	0.058094
-1.5	613	0.054765
-1.4	613	0.051423
-1.3	613	0.048076
-1.2	613	0.044735
-1.1	613	0.041414
-1	613	0.038128
-0.9	613	0.034894
-0.8	613	0.031733
-0.7	613	0.02867
-0.6	613	0.025733
-0.5	613	0.022959
-0.4	613	0.020388
-0.3	613	0.018069
-0.2	613	0.01606
-0.1	613	0.01443
0	613	0.013258
0.1	613	0.012637
0.2	613	0.012677
0.3	613	0.013499
0.4	613	0.015239
0.5	613	0.018049
0.6	613	0.022086
0.7	613	0.027508
0.8	613	0.034467
0.9	613	0.043086
1	613	0.053441
1.1	613	0.06554
1.2	613	0.079283
1.3	613	0.094444
1.4	613	0.110637
1.5	613	0.1273
1.6	613	0.143703
1.7	613	0.158961
1.8	613	0.172084
1.9	613	0.182044
2	613	0.187861
		
-3	623	0.114086
-2.9	623	0.11185
-2.8	623	0.109547
-2.7	623	0.107178
-2.6	623	0.104743
-2.5	623	0.102242
-2.4	623	0.099675
-2.3	623	0.097044
-2.2	623	0.094349
-2.1	623	0.091592
-2	623	0.088774
-1.9	623	0.085899
-1.8	623	0.082968
-1.7	623	0.079984
-1.6	623	0.076951
-1.5	623	0.073874
-1.4	623	0.070757
-1.3	623	0.067607
-1.2	623	0.06443
-1.1	623	0.061235
-1	623	0.058031
-0.9	623	0.054829
-0.8	623	0.051643
-0.7	623	0.048488
-0.6	623	0.045382
-0.5	623	0.042347
-0.4	623	0.039409
-0.3	623	0.036599
-0.2	623	0.033953
-0.1	623	0.031514
0	623	0.029332
0.1	623	0.027468
0.2	623	0.025992
0.3	623	0.024987
0.4	623	0.024548
0.5	623	0.024783
0.6	623	0.025815
0.7	623	0.027781
0.8	623	0.030824
0.9	623	0.035096
1	623	0.040743
1.1	623	0.047896
1.2	623	0.056654
1.3	623	0.067058
1.4	623	0.079072
1.5	623	0.092547
1.6	623	0.107201
1.7	623	0.122593
1.8	623	0.138115
1.9	623	0.153003
2	623	0.166364
		
-3	633	0.125767
-2.9	633	0.123907
-2.8	633	0.121984
-2.7	633	0.119999
-2.6	633	0.11795
-2.5	633	0.115836
-2.4	633	0.113658
-2.3	633	0.111414
-2.2	633	0.109106
-2.1	633	0.106732
-2	633	0.104294
-1.9	633	0.101793
-1.8	633	0.099229
-1.7	633	0.096603
-1.6	633	0.093918
-1.5	633	0.091176
-1.4	633	0.08838
-1.3	633	0.085532
-1.2	633	0.082638
-1.1	633	0.079701
-1	633	0.076728
-0.9	633	0.073726
-0.8	633	0.070703
-0.7	633	0.067668
-0.6	633	0.064633
-0.5	633	0.061612
-0.4	633	0.05862
-0.3	633	0.055678
-0.2	633	0.052807
-0.1	633	0.050035
0	633	0.047393
0.1	633	0.044921
0.2	633	0.042661
0.3	633	0.040669
0.4	633	0.039005
0.5	633	0.037743
0.6	633	0.036968
0.7	633	0.036775
0.8	633	0.037276
0.9	633	0.038592
1	633	0.040856
1.1	633	0.044208
1.2	633	0.048789
1.3	633	0.05473
1.4	633	0.06214
1.5	633	0.071086
1.6	633	0.081571
1.7	633	0.093512
1.8	633	0.106705
1.9	633	0.12081
2	633	0.135332
		
-3	643	0.135376
-2.9	643	0.133857
-2.8	643	0.132283
-2.7	643	0.130652
-2.6	643	0.128963
-2.5	643	0.127216
-2.4	643	0.125408
-2.3	643	0.12354
-2.2	643	0.12161
-2.1	643	0.119618
-2	643	0.117564
-1.9	643	0.115446
-1.8	643	0.113266
-1.7	643	0.111022
-1.6	643	0.108716
-1.5	643	0.106348
-1.4	643	0.10392
-1.3	643	0.101433
-1.2	643	0.098888
-1.1	643	0.096289
-1	643	0.093639
-0.9	643	0.090941
-0.8	643	0.088201
-0.7	643	0.085423
-0.6	643	0.082616
-0.5	643	0.079787
-0.4	643	0.076946
-0.3	643	0.074106
-0.2	643	0.071279
-0.1	643	0.068485
0	643	0.065741
0.1	643	0.063073
0.2	643	0.060508
0.3	643	0.058081
0.4	643	0.055831
0.5	643	0.053806
0.6	643	0.05206
0.7	643	0.050659
0.8	643	0.049678
0.9	643	0.049204
1	643	0.049334
1.1	643	0.050179
1.2	643	0.051861
1.3	643	0.054508
1.4	643	0.058252
1.5	643	0.063222
1.6	643	0.069528
1.7	643	0.077254
1.8	643	0.086429
1.9	643	0.097014
2	643	0.108868
		
-3	653	0.143159
-2.9	653	0.141935
-2.8	653	0.140665
-2.7	653	0.139346
-2.6	653	0.137977
-2.5	653	0.136556
-2.4	653	0.135083
-2.3	653	0.133557
-2.2	653	0.131975
-2.1	653	0.130337
-2	653	0.128643
-1.9	653	0.12689
-1.8	653	0.125078
-1.7	653	0.123207
-1.6	653	0.121276
-1.5	653	0.119285
-1.4	653	0.117234
-1.3	653	0.115123
-1.2	653	0.112952
-1.1	653	0.110723
-1	653	0.108437
-0.9	653	0.106096
-0.8	653	0.103702
-0.7	653	0.101258
-0.6	653	0.098768
-0.5	653	0.096237
-0.4	653	0.093671
-0.3	653	0.091077
-0.2	653	0.088463
-0.1	653	0.08584
0	653	0.083221
0.1	653	0.08062
0.2	653	0.078054
0.3	653	0.075547
0.4	653	0.073122
0.5	653	0.07081
0.6	653	0.068646
0.7	653	0.066673
0.8	653	0.06494
0.9	653	0.063506
1	653	0.062437
1.1	653	0.061811
1.2	653	0.061716
1.3	653	0.062253
1.4	653	0.06353
1.5	653	0.065666
1.6	653	0.068783
1.7	653	0.073002
1.8	653	0.078434
1.9	653	0.085165
2	653	0.093243
		
-3	663	0.149391
-2.9	663	0.148416
-2.8	663	0.147401
-2.7	663	0.146346
-2.6	663	0.145249
-2.5	663	0.144109
-2.4	663	0.142924
-2.3	663	0.141694
-2.2	663	0.140417
-2.1	663	0.139092
-2	663	0.137717
-1.9	663	0.136291
-1.8	663	0.134814
-1.7	663	0.133284
-1.6	663	0.1317
-1.5	663	0.130061
-1.4	663	0.128367
-1.3	663	0.126616
-1.2	663	0.12481
-1.1	663	0.122947
-1	663	0.121028
-0.9	663	0.119054
-0.8	663	0.117024
-0.7	663	0.114941
-0.6	663	0.112806
-0.5	663	0.110622
-0.4	663	0.108392
-0.3	663	0.106119
-0.2	663	0.103809
-0.1	663	0.101469
0	663	0.099104
0.1	663	0.096726
0.2	663	0.094343
0.3	663	0.091971
0.4	663	0.089625
0.5	663	0.087323
0.6	663	0.08509
0.7	663	0.082951
0.8	663	0.080938
0.9	663	0.079091
1	663	0.077453
1.1	663	0.076076
1.2	663	0.07502
1.3	663	0.074357
1.4	663	0.074164
1.5	663	0.074532
1.6	663	0.075559
1.7	663	0.077351
1.8	663	0.080021
1.9	663	0.083679
2	663	0.08843
		
-3	673	0.154345
-2.9	673	0.153572
-2.8	673	0.152767
-2.7	673	0.151929
-2.6	673	0.151057
-2.5	673	0.15015
-2.4	673	0.149206
-2.3	673	0.148225
-2.2	673	0.147205
-2.1	673	0.146145
-2	673	0.145043
-1.9	673	0.143898
-1.8	673	0.14271
-1.7	673	0.141477
-1.6	673	0.140197
-1.5	673	0.13887
-1.4	673	0.137495
-1.3	673	0.136071
-1.2	673	0.134596
-1.1	673	0.133071
-1	673	0.131495
-0.9	673	0.129867
-0.8	673	0.128187
-0.7	673	0.126456
-0.6	673	0.124674
-0.5	673	0.122843
-0.4	673	0.120963
-0.3	673	0.119036
-0.2	673	0.117065
-0.1	673	0.115054
0	673	0.113007
0.1	673	0.110929
0.2	673	0.108826
0.3	673	0.106707
0.4	673	0.104583
0.5	673	0.102463
0.6	673	0.100364
0.7	673	0.098302
0.8	673	0.096298
0.9	673	0.094377
1	673	0.092566
1.1	673	0.090901
1.2	673	0.089421
1.3	673	0.088173
1.4	673	0.087211
1.5	673	0.086598
1.6	673	0.086403
1.7	673	0.086706
1.8	673	0.087595
1.9	673	0.089163
2	673	0.091509
		
-3	683	0.158264
-2.9	683	0.157654
-2.8	683	0.157018
-2.7	683	0.156355
-2.6	683	0.155666
-2.5	683	0.154948
-2.4	683	0.154201
-2.3	683	0.153423
-2.2	683	0.152614
-2.1	683	0.151772
-2	683	0.150896
-1.9	683	0.149986
-1.8	683	0.149039
-1.7	683	0.148055
-1.6	683	0.147033
-1.5	683	0.145972
-1.4	683	0.144869
-1.3	683	0.143726
-1.2	683	0.14254
-1.1	683	0.14131
-1	683	0.140036
-0.9	683	0.138717
-0.8	683	0.137353
-0.7	683	0.135943
-0.6	683	0.134487
-0.5	683	0.132984
-0.4	683	0.131436
-0.3	683	0.129844
-0.2	683	0.128207
-0.1	683	0.126529
0	683	0.12481
0.1	683	0.123055
0.2	683	0.121267
0.3	683	0.11945
0.4	683	0.117611
0.5	683	0.115757
0.6	683	0.113897
0.7	683	0.112041
0.8	683	0.110203
0.9	683	0.108397
1	683	0.106643
1.1	683	0.104961
1.2	683	0.103378
1.3	683	0.101923
1.4	683	0.100632
1.5	683	0.099546
1.6	683	0.09871
1.7	683	0.098179
1.8	683	0.098012
1.9	683	0.098275
2	683	0.099041
		
-3	693	0.161358
-2.9	693	0.160876
-2.8	693	0.160375
-2.7	693	0.159852
-2.6	693	0.159308
-2.5	693	0.158742
-2.4	693	0.158152
-2.3	693	0.157538
-2.2	693	0.156899
-2.1	693	0.156234
-2	693	0.155541
-1.9	693	0.154821
-1.8	693	0.154071
-1.7	693	0.153292
-1.6	693	0.152481
-1.5	693	0.151638
-1.4	693	0.150763
-1.3	693	0.149853
-1.2	693	0.148908
-1.1	693	0.147927
-1	693	0.14691
-0.9	693	0.145854
-0.8	693	0.144761
-0.7	693	0.143628
-0.6	693	0.142455
-0.5	693	0.141243
-0.4	693	0.13999
-0.3	693	0.138697
-0.2	693	0.137365
-0.1	693	0.135993
0	693	0.134582
0.1	693	0.133135
0.2	693	0.131653
0.3	693	0.130138
0.4	693	0.128594
0.5	693	0.127025
0.6	693	0.125436
0.7	693	0.123833
0.8	693	0.122223
0.9	693	0.120616
1	693	0.119022
1.1	693	0.117454
1.2	693	0.115927
1.3	693	0.114459
1.4	693	0.113069
1.5	693	0.111782
1.6	693	0.110623
1.7	693	0.109624
1.8	693	0.108817
1.9	693	0.108242
2	693	0.107937
		
-3	703	0.163797
-2.9	703	0.163417
-2.8	703	0.163021
-2.7	703	0.16261
-2.6	703	0.162181
-2.5	703	0.161734
-2.4	703	0.161269
-2.3	703	0.160785
-2.2	703	0.160281
-2.1	703	0.159756
-2	703	0.15921
-1.9	703	0.158641
-1.8	703	0.15805
-1.7	703	0.157434
-1.6	703	0.156794
-1.5	703	0.156127
-1.4	703	0.155435
-1.3	703	0.154714
-1.2	703	0.153966
-1.1	703	0.153188
-1	703	0.15238
-0.9	703	0.151541
-0.8	703	0.150671
-0.7	703	0.149768
-0.6	703	0.148831
-0.5	703	0.147861
-0.4	703	0.146857
-0.3	703	0.145818
-0.2	703	0.144744
-0.1	703	0.143634
0	703	0.142489
0.1	703	0.14131
0.2	703	0.140095
0.3	703	0.138847
0.4	703	0.137567
0.5	703	0.136255
0.6	703	0.134914
0.7	703	0.133545
0.8	703	0.132153
0.9	703	0.13074
1	703	0.12931
1.1	703	0.127867
1.2	703	0.126417
1.3	703	0.124966
1.4	703	0.123519
1.5	703	0.122082
1.6	703	0.120664
1.7	703	0.119269
1.8	703	0.117904
1.9	703	0.116573
2	703	0.115281
		
-3	713	0.165716
-2.9	713	0.165417
-2.8	713	0.165105
-2.7	713	0.16478
-2.6	713	0.164441
-2.5	713	0.164089
-2.4	713	0.163721
-2.3	713	0.163339
-2.2	713	0.162941
-2.1	713	0.162527
-2	713	0.162095
-1.9	713	0.161646
-1.8	713	0.161178
-1.7	713	0.160692
-1.6	713	0.160185
-1.5	713	0.159658
-1.4	713	0.159109
-1.3	713	0.158538
-1.2	713	0.157944
-1.1	713	0.157326
-1	713	0.156684
-0.9	713	0.156016
-0.8	713	0.155322
-0.7	713	0.1546
-0.6	713	0.15385
-0.5	713	0.153071
-0.4	713	0.152262
-0.3	713	0.151422
-0.2	713	0.15055
-0.1	713	0.149645
0	713	0.148706
0.1	713	0.147731
0.2	713	0.14672
0.3	713	0.145671
0.4	713	0.144583
0.5	713	0.143454
0.6	713	0.142281
0.7	713	0.141062
0.8	713	0.139794
0.9	713	0.138473
1	713	0.137093
1.1	713	0.135649
1.2	713	0.134131
1.3	713	0.13253
1.4	713	0.130832
1.5	713	0.129019
1.6	713	0.127072
1.7	713	0.124963
1.8	713	0.12266
1.9	713	0.120126
2	713	0.117314
		
-3	723	0.167223
-2.9	723	0.166985
-2.8	723	0.166738
-2.7	723	0.16648
-2.6	723	0.166211
-2.5	723	0.165931
-2.4	723	0.165639
-2.3	723	0.165335
-2.2	723	0.165019
-2.1	723	0.164689
-2	723	0.164345
-1.9	723	0.163987
-1.8	723	0.163614
-1.7	723	0.163225
-1.6	723	0.16282
-1.5	723	0.162398
-1.4	723	0.161957
-1.3	723	0.161498
-1.2	723	0.16102
-1.1	723	0.16052
-1	723	0.16
-0.9	723	0.159456
-0.8	723	0.158889
-0.7	723	0.158297
-0.6	723	0.157678
-0.5	723	0.15703
-0.4	723	0.156353
-0.3	723	0.155643
-0.2	723	0.154899
-0.1	723	0.154118
0	723	0.153296
0.1	723	0.152429
0.2	723	0.151514
0.3	723	0.150544
0.4	723	0.149513
0.5	723	0.148412
0.6	723	0.147232
0.7	723	0.145961
0.8	723	0.144584
0.9	723	0.143084
1	723	0.141437
1.1	723	0.139617
1.2	723	0.137591
1.3	723	0.13532
1.4	723	0.132756
1.5	723	0.129842
1.6	723	0.126514
1.7	723	0.122697
1.8	723	0.118313
1.9	723	0.113279
2	723	0.107523
		
-3	733	0.168391
-2.9	733	0.1682
-2.8	733	0.168001
-2.7	733	0.167793
-2.6	733	0.167575
-2.5	733	0.167349
-2.4	733	0.167113
-2.3	733	0.166866
-2.2	733	0.166608
-2.1	733	0.166339
-2	733	0.166058
-1.9	733	0.165764
-1.8	733	0.165456
-1.7	733	0.165135
-1.6	733	0.164798
-1.5	733	0.164445
-1.4	733	0.164076
-1.3	733	0.163688
-1.2	733	0.16328
-1.1	733	0.162852
-1	733	0.162401
-0.9	733	0.161925
-0.8	733	0.161422
-0.7	733	0.16089
-0.6	733	0.160325
-0.5	733	0.159725
-0.4	733	0.159084
-0.3	733	0.158397
-0.2	733	0.15766
-0.1	733	0.156863
0	733	0.156
0.1	733	0.155058
0.2	733	0.154027
0.3	733	0.152889
0.4	733	0.151626
0.5	733	0.150216
0.6	733	0.148631
0.7	733	0.146837
0.8	733	0.144794
0.9	733	0.142453
1	733	0.139756
1.1	733	0.136634
1.2	733	0.133007
1.3	733	0.128784
1.4	733	0.123863
1.5	733	0.118138
1.6	733	0.111505
1.7	733	0.103878
1.8	733	0.095211
1.9	733	0.085537
2	733	0.075019
		
-3	743	0.169264
-2.9	743	0.169103
-2.8	743	0.168935
-2.7	743	0.168759
-2.6	743	0.168575
-2.5	743	0.168381
-2.4	743	0.168178
-2.3	743	0.167965
-2.2	743	0.16774
-2.1	743	0.167504
-2	743	0.167255
-1.9	743	0.166993
-1.8	743	0.166715
-1.7	743	0.166422
-1.6	743	0.166111
-1.5	743	0.16578
-1.4	743	0.165428
-1.3	743	0.165052
-1.2	743	0.16465
-1.1	743	0.164219
-1	743	0.163754
-0.9	743	0.163252
-0.8	743	0.162707
-0.7	743	0.162113
-0.6	743	0.161462
-0.5	743	0.160746
-0.4	743	0.159954
-0.3	743	0.159073
-0.2	743	0.158087
-0.1	743	0.156977
0	743	0.15572
0.1	743	0.154289
0.2	743	0.152651
0.3	743	0.150764
0.4	743	0.148579
0.5	743	0.146039
0.6	743	0.143072
0.7	743	0.139596
0.8	743	0.135512
0.9	743	0.130709
1	743	0.125061
1.1	743	0.11843
1.2	743	0.110676
1.3	743	0.101669
1.4	743	0.091318
1.5	743	0.0796
1.6	743	0.066629
1.7	743	0.052725
1.8	743	0.03852
1.9	743	0.025061
2	743	0.013884
		
-3	753	0.16983
-2.9	753	0.169681
-2.8	753	0.169522
-2.7	753	0.169354
-2.6	753	0.169175
-2.5	753	0.168985
-2.4	753	0.168783
-2.3	753	0.168568
-2.2	753	0.168337
-2.1	753	0.16809
-2	753	0.167825
-1.9	753	0.167539
-1.8	753	0.167231
-1.7	753	0.166896
-1.6	753	0.166533
-1.5	753	0.166136
-1.4	753	0.165702
-1.3	753	0.165224
-1.2	753	0.164696
-1.1	753	0.164111
-1	753	0.163458
-0.9	753	0.162727
-0.8	753	0.161904
-0.7	753	0.160973
-0.6	753	0.159914
-0.5	753	0.158704
-0.4	753	0.157314
-0.3	753	0.15571
-0.2	753	0.153849
-0.1	753	0.151683
0	753	0.149149
0.1	753	0.146176
0.2	753	0.142674
0.3	753	0.13854
0.4	753	0.13365
0.5	753	0.12786
0.6	753	0.121004
0.7	753	0.112898
0.8	753	0.103344
0.9	753	0.092142
1	753	0.079119
1.1	753	0.064164
1.2	753	0.047299
1.3	753	0.028772
1.4	753	0.009199
1.5	753	-0.010277
1.6	753	-0.027806
1.7	753	-0.040735
1.8	753	-0.045701
1.9	753	-0.039076
2	753	-0.017861
		
-3	763	0.169981
-2.9	763	0.169805
-2.8	763	0.169615
-2.7	763	0.16941
-2.6	763	0.169188
-2.5	763	0.168946
-2.4	763	0.168682
-2.3	763	0.168394
-2.2	763	0.168078
-2.1	763	0.16773
-2	763	0.167346
-1.9	763	0.166921
-1.8	763	0.166449
-1.7	763	0.165922
-1.6	763	0.165331
-1.5	763	0.164667
-1.4	763	0.163918
-1.3	763	0.163067
-1.2	763	0.162099
-1.1	763	0.160993
-1	763	0.159722
-0.9	763	0.158256
-0.8	763	0.156559
-0.7	763	0.154586
-0.6	763	0.152284
-0.5	763	0.149587
-0.4	763	0.146416
-0.3	763	0.142677
-0.2	763	0.138253
-0.1	763	0.133007
0	763	0.126773
0.1	763	0.119352
0.2	763	0.110514
0.3	763	0.099989
0.4	763	0.087472
0.5	763	0.072633
0.6	763	0.055134
0.7	763	0.034666
0.8	763	0.011025
0.9	763	-0.015775
1	763	-0.045317
1.1	763	-0.0765
1.2	763	-0.107183
1.3	763	-0.133778
1.4	763	-0.150993
1.5	763	-0.152072
1.6	763	-0.130014
1.7	763	-0.079969
1.8	763	-0.002102
1.9	763	0.096707
2	763	0.203749
		
-3	773	0.169376
-2.9	773	0.169095
-2.8	773	0.168786
-2.7	773	0.168445
-2.6	773	0.168066
-2.5	773	0.167644
-2.4	773	0.167174
-2.3	773	0.166649
-2.2	773	0.16606
-2.1	773	0.165396
-2	773	0.164647
-1.9	773	0.163799
-1.8	773	0.162835
-1.7	773	0.161735
-1.6	773	0.160477
-1.5	773	0.159031
-1.4	773	0.157363
-1.3	773	0.155434
-1.2	773	0.153194
-1.1	773	0.150582
-1	773	0.147527
-0.9	773	0.143939
-0.8	773	0.139712
-0.7	773	0.134714
-0.6	773	0.128785
-0.5	773	0.121729
-0.4	773	0.113307
-0.3	773	0.103226
-0.2	773	0.091131
-0.1	773	0.076592
0	773	0.059091
0.1	773	0.038012
0.2	773	0.012637
0.3	773	-0.017848
0.4	773	-0.054319
0.5	773	-0.097632
0.6	773	-0.148445
0.7	773	-0.206865
0.8	773	-0.271791
0.9	773	-0.339748
1	773	-0.403036
1.1	773	-0.447414
1.2	773	-0.451085
1.3	773	-0.389137
1.4	773	-0.246564
1.5	773	-0.032475
1.6	773	0.218722
1.7	773	0.459729
1.8	773	0.646515
1.9	773	0.753869
2	773	0.783622
