Variable = LogStrainRate, Temperature, P
Zone I = 51 J = 21
-3	573	0.105664
-2.9	573	0.105678
-2.8	573	0.105563
-2.7	573	0.105364
-2.6	573	0.105122
-2.5	573	0.104874
-2.4	573	0.104654
-2.3	573	0.104495
-2.2	573	0.104433
-2.1	573	0.1045
-2	573	0.104732
-1.9	573	0.105164
-1.8	573	0.105829
-1.7	573	0.106761
-1.6	573	0.107989
-1.5	573	0.109533
-1.4	573	0.111406
-1.3	573	0.113602
-1.2	573	0.116099
-1.1	573	0.118849
-1	573	0.121777
-0.9	573	0.124781
-0.8	573	0.127732
-0.7	573	0.130479
-0.6	573	0.132862
-0.5	573	0.13472
-0.4	573	0.135908
-0.3	573	0.136308
-0.2	573	0.135844
-0.1	573	0.134485
0	573	0.132247
0.1	573	0.129189
0.2	573	0.125405
0.3	573	0.121018
0.4	573	0.116159
0.5	573	0.110967
0.6	573	0.105573
0.7	573	0.100096
0.8	573	0.094642
0.9	573	0.089294
1	573	0.08412
1.1	573	0.079169
1.2	573	0.074475
1.3	573	0.070058
1.4	573	0.065926
1.5	573	0.06208
1.6	573	0.058513
1.7	573	0.055214
1.8	573	0.052168
1.9	573	0.049358
2	573	0.046766
		
-3	583	0.110605
-2.9	583	0.110609
-2.8	583	0.110456
-2.7	583	0.110186
-2.6	583	0.109837
-2.5	583	0.109442
-2.4	583	0.109032
-2.3	583	0.108635
-2.2	583	0.10828
-2.1	583	0.107997
-2	583	0.107815
-1.9	583	0.107765
-1.8	583	0.10788
-1.7	583	0.108192
-1.6	583	0.108735
-1.5	583	0.109542
-1.4	583	0.110641
-1.3	583	0.112057
-1.2	583	0.113804
-1.1	583	0.115884
-1	583	0.118282
-0.9	583	0.120958
-0.8	583	0.12385
-0.7	583	0.126865
-0.6	583	0.129883
-0.5	583	0.132763
-0.4	583	0.135345
-0.3	583	0.137468
-0.2	583	0.138977
-0.1	583	0.139743
0	583	0.13967
0.1	583	0.138709
0.2	583	0.136856
0.3	583	0.134154
0.4	583	0.130683
0.5	583	0.126554
0.6	583	0.121897
0.7	583	0.116848
0.8	583	0.111541
0.9	583	0.106101
1	583	0.100638
1.1	583	0.095246
1.2	583	0.089997
1.3	583	0.084949
1.4	583	0.08014
1.5	583	0.075597
1.6	583	0.071331
1.7	583	0.067348
1.8	583	0.063643
1.9	583	0.060205
2	583	0.057023
		
-3	593	0.116477
-2.9	593	0.116499
-2.8	593	0.116369
-2.7	593	0.116117
-2.6	593	0.115767
-2.5	593	0.115343
-2.4	593	0.114868
-2.3	593	0.114362
-2.2	593	0.113848
-2.1	593	0.113348
-2	593	0.112887
-1.9	593	0.112489
-1.8	593	0.112183
-1.7	593	0.111997
-1.6	593	0.111962
-1.5	593	0.112112
-1.4	593	0.112479
-1.3	593	0.113097
-1.2	593	0.113998
-1.1	593	0.115209
-1	593	0.116749
-0.9	593	0.118628
-0.8	593	0.120836
-0.7	593	0.123347
-0.6	593	0.126108
-0.5	593	0.129039
-0.4	593	0.132031
-0.3	593	0.134951
-0.2	593	0.137646
-0.1	593	0.139954
0	593	0.141716
0.1	593	0.142789
0.2	593	0.143065
0.3	593	0.142472
0.4	593	0.140989
0.5	593	0.138638
0.6	593	0.135485
0.7	593	0.131629
0.8	593	0.127193
0.9	593	0.12231
1	593	0.117116
1.1	593	0.11174
1.2	593	0.106297
1.3	593	0.100887
1.4	593	0.095591
1.5	593	0.090471
1.6	593	0.085573
1.7	593	0.080928
1.8	593	0.076553
1.9	593	0.072455
2	593	0.068634
		
-3	603	0.121202
-2.9	603	0.121281
-2.8	603	0.121278
-2.7	603	0.121196
-2.6	603	0.121039
-2.5	603	0.120813
-2.4	603	0.120525
-2.3	603	0.120184
-2.2	603	0.1198
-2.1	603	0.119384
-2	603	0.118952
-1.9	603	0.11852
-1.8	603	0.118106
-1.7	603	0.117732
-1.6	603	0.117423
-1.5	603	0.117205
-1.4	603	0.117108
-1.3	603	0.117164
-1.2	603	0.117407
-1.1	603	0.117871
-1	603	0.118589
-0.9	603	0.119594
-0.8	603	0.120909
-0.7	603	0.12255
-0.6	603	0.124519
-0.5	603	0.126797
-0.4	603	0.129347
-0.3	603	0.1321
-0.2	603	0.134963
-0.1	603	0.137813
0	603	0.140506
0.1	603	0.142883
0.2	603	0.144785
0.3	603	0.146062
0.4	603	0.14659
0.5	603	0.146283
0.6	603	0.145098
0.7	603	0.14304
0.8	603	0.140158
0.9	603	0.136538
1	603	0.132295
1.1	603	0.127556
1.2	603	0.122458
1.3	603	0.117132
1.4	603	0.111699
1.5	603	0.106264
1.6	603	0.100914
1.7	603	0.09572
1.8	603	0.090732
1.9	603	0.085987
2	603	0.081506
		
-3	613	0.122606
-2.9	613	0.122763
-2.8	613	0.122948
-2.7	613	0.123135
-2.6	613	0.123307
-2.5	613	0.123449
-2.4	613	0.123552
-2.3	613	0.12361
-2.2	613	0.12362
-2.1	613	0.123584
-2	613	0.123502
-1.9	613	0.123383
-1.8	613	0.123235
-1.7	613	0.123068
-1.6	613	0.122898
-1.5	613	0.122741
-1.4	613	0.122619
-1.3	613	0.122554
-1.2	613	0.122574
-1.1	613	0.122708
-1	613	0.122989
-0.9	613	0.12345
-0.8	613	0.124124
-0.7	613	0.125045
-0.6	613	0.126241
-0.5	613	0.127731
-0.4	613	0.129525
-0.3	613	0.131616
-0.2	613	0.133976
-0.1	613	0.136551
0	613	0.139261
0.1	613	0.141999
0.2	613	0.14463
0.3	613	0.147004
0.4	613	0.148963
0.5	613	0.150354
0.6	613	0.151044
0.7	613	0.150932
0.8	613	0.149959
0.9	613	0.148112
1	613	0.145424
1.1	613	0.141968
1.2	613	0.137847
1.3	613	0.133187
1.4	613	0.128122
1.5	613	0.122785
1.6	613	0.117301
1.7	613	0.111784
1.8	613	0.106327
1.9	613	0.101006
2	613	0.09588
		
-3	623	0.119976
-2.9	623	0.120206
-2.8	623	0.120577
-2.7	623	0.121041
-2.6	623	0.121559
-2.5	623	0.122104
-2.4	623	0.12265
-2.3	623	0.123182
-2.2	623	0.123685
-2.1	623	0.124152
-2	623	0.124575
-1.9	623	0.124954
-1.8	623	0.125287
-1.7	623	0.125577
-1.6	623	0.12583
-1.5	623	0.126054
-1.4	623	0.12626
-1.3	623	0.126463
-1.2	623	0.126678
-1.1	623	0.126926
-1	623	0.127231
-0.9	623	0.127618
-0.8	623	0.128117
-0.7	623	0.128758
-0.6	623	0.129575
-0.5	623	0.130598
-0.4	623	0.131856
-0.3	623	0.133372
-0.2	623	0.13516
-0.1	623	0.137218
0	623	0.139529
0.1	623	0.142049
0.2	623	0.144712
0.3	623	0.147421
0.4	623	0.150054
0.5	623	0.15247
0.6	623	0.154514
0.7	623	0.156033
0.8	623	0.156886
0.9	623	0.156962
1	623	0.156186
1.1	623	0.154528
1.2	623	0.152006
1.3	623	0.148678
1.4	623	0.144639
1.5	623	0.140008
1.6	623	0.134919
1.7	623	0.129506
1.8	623	0.123902
1.9	623	0.118225
2	623	0.112578
		
-3	633	0.113799
-2.9	633	0.114083
-2.8	633	0.114602
-2.7	633	0.115291
-2.6	633	0.116099
-2.5	633	0.116986
-2.4	633	0.11792
-2.3	633	0.118876
-2.2	633	0.119833
-2.1	633	0.120777
-2	633	0.121696
-1.9	633	0.12258
-1.8	633	0.123426
-1.7	633	0.124229
-1.6	633	0.124989
-1.5	633	0.125707
-1.4	633	0.126388
-1.3	633	0.127037
-1.2	633	0.127664
-1.1	633	0.128279
-1	633	0.128898
-0.9	633	0.129537
-0.8	633	0.130216
-0.7	633	0.130959
-0.6	633	0.131792
-0.5	633	0.132743
-0.4	633	0.133841
-0.3	633	0.135116
-0.2	633	0.136597
-0.1	633	0.138306
0	633	0.140259
0.1	633	0.142461
0.2	633	0.144898
0.3	633	0.147537
0.4	633	0.15032
0.5	633	0.153161
0.6	633	0.15595
0.7	633	0.158551
0.8	633	0.160816
0.9	633	0.162589
1	633	0.163725
1.1	633	0.1641
1.2	633	0.163626
1.3	633	0.162256
1.4	633	0.159989
1.5	633	0.156869
1.6	633	0.152979
1.7	633	0.148432
1.8	633	0.143356
1.9	633	0.13789
2	633	0.132169
		
-3	643	0.105031
-2.9	643	0.105346
-2.8	643	0.105963
-2.7	643	0.106806
-2.6	643	0.107818
-2.5	643	0.108953
-2.4	643	0.110173
-2.3	643	0.111448
-2.2	643	0.112755
-2.1	643	0.114075
-2	643	0.115393
-1.9	643	0.116698
-1.8	643	0.117979
-1.7	643	0.119232
-1.6	643	0.12045
-1.5	643	0.121632
-1.4	643	0.122777
-1.3	643	0.123886
-1.2	643	0.124962
-1.1	643	0.126011
-1	643	0.127039
-0.9	643	0.128057
-0.8	643	0.129077
-0.7	643	0.130113
-0.6	643	0.131184
-0.5	643	0.13231
-0.4	643	0.133515
-0.3	643	0.134824
-0.2	643	0.136265
-0.1	643	0.137866
0	643	0.139654
0.1	643	0.141652
0.2	643	0.143877
0.3	643	0.146338
0.4	643	0.149025
0.5	643	0.151913
0.6	643	0.154952
0.7	643	0.158067
0.8	643	0.161155
0.9	643	0.16409
1	643	0.166726
1.1	643	0.168909
1.2	643	0.170488
1.3	643	0.171329
1.4	643	0.171328
1.5	643	0.17042
1.6	643	0.168587
1.7	643	0.165853
1.8	643	0.162289
1.9	643	0.157994
2	643	0.153092
		
-3	653	0.094672
-2.9	653	0.094999
-2.8	653	0.095664
-2.7	653	0.096591
-2.6	653	0.097719
-2.5	653	0.099
-2.4	653	0.100394
-2.3	653	0.101871
-2.2	653	0.103406
-2.1	653	0.104978
-2	653	0.106571
-1.9	653	0.108172
-1.8	653	0.109771
-1.7	653	0.111358
-1.6	653	0.112928
-1.5	653	0.114475
-1.4	653	0.115997
-1.3	653	0.117491
-1.2	653	0.118956
-1.1	653	0.120395
-1	653	0.121809
-0.9	653	0.123203
-0.8	653	0.124583
-0.7	653	0.125958
-0.6	653	0.12734
-0.5	653	0.12874
-0.4	653	0.130175
-0.3	653	0.131663
-0.2	653	0.133226
-0.1	653	0.134888
0	653	0.136674
0.1	653	0.138611
0.2	653	0.140725
0.3	653	0.143039
0.4	653	0.145573
0.5	653	0.148336
0.6	653	0.151326
0.7	653	0.154522
0.8	653	0.157884
0.9	653	0.161344
1	653	0.16481
1.1	653	0.168163
1.2	653	0.171265
1.3	653	0.173961
1.4	653	0.176098
1.5	653	0.177533
1.6	653	0.178147
1.7	653	0.177858
1.8	653	0.176628
1.9	653	0.174464
2	653	0.171418
		
-3	663	0.083606
-2.9	663	0.083928
-2.8	663	0.0846
-2.7	663	0.085548
-2.6	663	0.086714
-2.5	663	0.088048
-2.4	663	0.089515
-2.3	663	0.091083
-2.2	663	0.092728
-2.1	663	0.09443
-2	663	0.096173
-1.9	663	0.097943
-1.8	663	0.09973
-1.7	663	0.101525
-1.6	663	0.10332
-1.5	663	0.10511
-1.4	663	0.10689
-1.3	663	0.108656
-1.2	663	0.110407
-1.1	663	0.11214
-1	663	0.113856
-0.9	663	0.115556
-0.8	663	0.117242
-0.7	663	0.118918
-0.6	663	0.12059
-0.5	663	0.122264
-0.4	663	0.123952
-0.3	663	0.125664
-0.2	663	0.127415
-0.1	663	0.129222
0	663	0.131105
0.1	663	0.133085
0.2	663	0.135186
0.3	663	0.137435
0.4	663	0.139856
0.5	663	0.142474
0.6	663	0.145308
0.7	663	0.14837
0.8	663	0.151663
0.9	663	0.155172
1	663	0.158865
1.1	663	0.162683
1.2	663	0.166544
1.3	663	0.170338
1.4	663	0.173932
1.5	663	0.177177
1.6	663	0.179917
1.7	663	0.182003
1.8	663	0.183304
1.9	663	0.183722
2	663	0.183199
		
-3	673	0.072539
-2.9	673	0.072842
-2.8	673	0.073489
-2.7	673	0.07441
-2.6	673	0.07555
-2.5	673	0.076865
-2.4	673	0.07832
-2.3	673	0.079886
-2.2	673	0.081541
-2.1	673	0.083267
-2	673	0.085048
-1.9	673	0.086871
-1.8	673	0.088728
-1.7	673	0.090608
-1.6	673	0.092506
-1.5	673	0.094415
-1.4	673	0.096331
-1.3	673	0.098249
-1.2	673	0.100167
-1.1	673	0.102081
-1	673	0.10399
-0.9	673	0.105894
-0.8	673	0.107792
-0.7	673	0.109685
-0.6	673	0.111576
-0.5	673	0.113469
-0.4	673	0.115368
-0.3	673	0.11728
-0.2	673	0.119213
-0.1	673	0.121179
0	673	0.123191
0.1	673	0.125263
0.2	673	0.127414
0.3	673	0.129666
0.4	673	0.132039
0.5	673	0.134559
0.6	673	0.13725
0.7	673	0.140137
0.8	673	0.14324
0.9	673	0.146575
1	673	0.150146
1.1	673	0.153945
1.2	673	0.157946
1.3	673	0.162102
1.4	673	0.166338
1.5	673	0.170554
1.6	673	0.174625
1.7	673	0.178408
1.8	673	0.181747
1.9	673	0.184487
2	673	0.186489
		
-3	683	0.061986
-2.9	683	0.062263
-2.8	683	0.062863
-2.7	683	0.063722
-2.6	683	0.064792
-2.5	683	0.066033
-2.4	683	0.067413
-2.3	683	0.068907
-2.2	683	0.070495
-2.1	683	0.072161
-2	683	0.073891
-1.9	683	0.075673
-1.8	683	0.077501
-1.7	683	0.079364
-1.6	683	0.081259
-1.5	683	0.083178
-1.4	683	0.085119
-1.3	683	0.087076
-1.2	683	0.089047
-1.1	683	0.091029
-1	683	0.093019
-0.9	683	0.095017
-0.8	683	0.097021
-0.7	683	0.099031
-0.6	683	0.101047
-0.5	683	0.10307
-0.4	683	0.105103
-0.3	683	0.107149
-0.2	683	0.109212
-0.1	683	0.111299
0	683	0.113417
0.1	683	0.115577
0.2	683	0.11779
0.3	683	0.12007
0.4	683	0.122436
0.5	683	0.124905
0.6	683	0.1275
0.7	683	0.130243
0.8	683	0.133159
0.9	683	0.136271
1	683	0.139603
1.1	683	0.143169
1.2	683	0.14698
1.3	683	0.151032
1.4	683	0.155305
1.5	683	0.159761
1.6	683	0.164334
1.7	683	0.168935
1.8	683	0.173447
1.9	683	0.177732
2	683	0.181638
		
-3	693	0.052286
-2.9	693	0.052532
-2.8	693	0.053071
-2.7	693	0.053848
-2.6	693	0.05482
-2.5	693	0.055951
-2.4	693	0.057216
-2.3	693	0.058591
-2.2	693	0.060059
-2.1	693	0.061606
-2	693	0.063222
-1.9	693	0.064895
-1.8	693	0.06662
-1.7	693	0.068389
-1.6	693	0.070198
-1.5	693	0.072041
-1.4	693	0.073916
-1.3	693	0.075819
-1.2	693	0.077748
-1.1	693	0.079699
-1	693	0.081671
-0.9	693	0.083662
-0.8	693	0.085671
-0.7	693	0.087697
-0.6	693	0.08974
-0.5	693	0.091799
-0.4	693	0.093875
-0.3	693	0.09597
-0.2	693	0.098085
-0.1	693	0.100225
0	693	0.102392
0.1	693	0.104594
0.2	693	0.106837
0.3	693	0.109132
0.4	693	0.111488
0.5	693	0.113919
0.6	693	0.116441
0.7	693	0.119073
0.8	693	0.121835
0.9	693	0.124749
1	693	0.127839
1.1	693	0.131128
1.2	693	0.13464
1.3	693	0.138393
1.4	693	0.142398
1.5	693	0.146657
1.6	693	0.151157
1.7	693	0.155867
1.8	693	0.160731
1.9	693	0.165669
2	693	0.170573
		
-3	703	0.043623
-2.9	703	0.043837
-2.8	703	0.04431
-2.7	703	0.044994
-2.6	703	0.045854
-2.5	703	0.046858
-2.4	703	0.047985
-2.3	703	0.049214
-2.2	703	0.050532
-2.1	703	0.051926
-2	703	0.053388
-1.9	703	0.054909
-1.8	703	0.056483
-1.7	703	0.058106
-1.6	703	0.059772
-1.5	703	0.06148
-1.4	703	0.063225
-1.3	703	0.065005
-1.2	703	0.066819
-1.1	703	0.068664
-1	703	0.070539
-0.9	703	0.072442
-0.8	703	0.074372
-0.7	703	0.076329
-0.6	703	0.078312
-0.5	703	0.08032
-0.4	703	0.082353
-0.3	703	0.084412
-0.2	703	0.086498
-0.1	703	0.088612
0	703	0.090757
0.1	703	0.092936
0.2	703	0.095153
0.3	703	0.097415
0.4	703	0.099727
0.5	703	0.102099
0.6	703	0.104541
0.7	703	0.107066
0.8	703	0.10969
0.9	703	0.112429
1	703	0.115303
1.1	703	0.118333
1.2	703	0.121544
1.3	703	0.124958
1.4	703	0.128599
1.5	703	0.132486
1.6	703	0.136635
1.7	703	0.141052
1.8	703	0.145728
1.9	703	0.150639
2	703	0.15574
		
-3	713	0.036062
-2.9	713	0.036245
-2.8	713	0.036652
-2.7	713	0.037243
-2.6	713	0.037988
-2.5	713	0.03886
-2.4	713	0.039841
-2.3	713	0.040915
-2.2	713	0.04207
-2.1	713	0.043296
-2	713	0.044585
-1.9	713	0.045932
-1.8	713	0.04733
-1.7	713	0.048778
-1.6	713	0.05027
-1.5	713	0.051805
-1.4	713	0.053381
-1.3	713	0.054996
-1.2	713	0.056648
-1.1	713	0.058336
-1	713	0.060059
-0.9	713	0.061816
-0.8	713	0.063607
-0.7	713	0.065431
-0.6	713	0.067287
-0.5	713	0.069175
-0.4	713	0.071095
-0.3	713	0.073047
-0.2	713	0.075032
-0.1	713	0.07705
0	713	0.079103
0.1	713	0.081193
0.2	713	0.083322
0.3	713	0.085493
0.4	713	0.087711
0.5	713	0.089982
0.6	713	0.092312
0.7	713	0.09471
0.8	713	0.097185
0.9	713	0.099751
1	713	0.102422
1.1	713	0.105214
1.2	713	0.108146
1.3	713	0.111239
1.4	713	0.114516
1.5	713	0.118001
1.6	713	0.121718
1.7	713	0.125687
1.8	713	0.129926
1.9	713	0.134445
2	713	0.13924
		
-3	723	0.029586
-2.9	723	0.02974
-2.8	723	0.030085
-2.7	723	0.030587
-2.6	723	0.03122
-2.5	723	0.031965
-2.4	723	0.032804
-2.3	723	0.033725
-2.2	723	0.034717
-2.1	723	0.035774
-2	723	0.036888
-1.9	723	0.038055
-1.8	723	0.039271
-1.7	723	0.040533
-1.6	723	0.041839
-1.5	723	0.043186
-1.4	723	0.044575
-1.3	723	0.046002
-1.2	723	0.047468
-1.1	723	0.048971
-1	723	0.050512
-0.9	723	0.052089
-0.8	723	0.053703
-0.7	723	0.055353
-0.6	723	0.057039
-0.5	723	0.058761
-0.4	723	0.060518
-0.3	723	0.062312
-0.2	723	0.064143
-0.1	723	0.06601
0	723	0.067916
0.1	723	0.069861
0.2	723	0.071847
0.3	723	0.073875
0.4	723	0.07595
0.5	723	0.078074
0.6	723	0.080252
0.7	723	0.082489
0.8	723	0.084792
0.9	723	0.087169
1	723	0.089631
1.1	723	0.092188
1.2	723	0.094856
1.3	723	0.09765
1.4	723	0.100589
1.5	723	0.103693
1.6	723	0.106984
1.7	723	0.110486
1.8	723	0.114224
1.9	723	0.118219
2	723	0.122492
		
-3	733	0.02412
-2.9	733	0.024249
-2.8	733	0.024537
-2.7	733	0.024958
-2.6	733	0.02549
-2.5	733	0.026116
-2.4	733	0.026823
-2.3	733	0.027601
-2.2	733	0.028441
-2.1	733	0.029336
-2	733	0.030283
-1.9	733	0.031278
-1.8	733	0.032316
-1.7	733	0.033397
-1.6	733	0.034518
-1.5	733	0.035678
-1.4	733	0.036876
-1.3	733	0.038112
-1.2	733	0.039386
-1.1	733	0.040696
-1	733	0.042042
-0.9	733	0.043425
-0.8	733	0.044845
-0.7	733	0.046302
-0.6	733	0.047795
-0.5	733	0.049325
-0.4	733	0.050893
-0.3	733	0.052498
-0.2	733	0.054142
-0.1	733	0.055824
0	733	0.057546
0.1	733	0.059308
0.2	733	0.061111
0.3	733	0.062958
0.4	733	0.06485
0.5	733	0.06679
0.6	733	0.06878
0.7	733	0.070824
0.8	733	0.072927
0.9	733	0.075095
1	733	0.077333
1.1	733	0.07965
1.2	733	0.082056
1.3	733	0.084563
1.4	733	0.087183
1.5	733	0.089933
1.6	733	0.092829
1.7	733	0.095893
1.8	733	0.099146
1.9	733	0.102612
2	733	0.106314
		
-3	743	0.019564
-2.9	743	0.01967
-2.8	743	0.019908
-2.7	743	0.020257
-2.6	743	0.020699
-2.5	743	0.02122
-2.4	743	0.021808
-2.3	743	0.022457
-2.2	743	0.023159
-2.1	743	0.023909
-2	743	0.024703
-1.9	743	0.025538
-1.8	743	0.026412
-1.7	743	0.027324
-1.6	743	0.028272
-1.5	743	0.029255
-1.4	743	0.030273
-1.3	743	0.031325
-1.2	743	0.032412
-1.1	743	0.033533
-1	743	0.034688
-0.9	743	0.035878
-0.8	743	0.037103
-0.7	743	0.038363
-0.6	743	0.039658
-0.5	743	0.04099
-0.4	743	0.042358
-0.3	743	0.043763
-0.2	743	0.045205
-0.1	743	0.046686
0	743	0.048205
0.1	743	0.049765
0.2	743	0.051365
0.3	743	0.053008
0.4	743	0.054694
0.5	743	0.056426
0.6	743	0.058205
0.7	743	0.060034
0.8	743	0.061916
0.9	743	0.063855
1	743	0.065856
1.1	743	0.067924
1.2	743	0.070066
1.3	743	0.072288
1.4	743	0.074602
1.5	743	0.077018
1.6	743	0.079548
1.7	743	0.082207
1.8	743	0.085012
1.9	743	0.087983
2	743	0.09114
		
-3	753	0.015802
-2.9	753	0.015888
-2.8	753	0.016084
-2.7	753	0.016371
-2.6	753	0.016735
-2.5	753	0.017164
-2.4	753	0.017649
-2.3	753	0.018185
-2.2	753	0.018766
-2.1	753	0.019387
-2	753	0.020045
-1.9	753	0.020739
-1.8	753	0.021467
-1.7	753	0.022227
-1.6	753	0.023018
-1.5	753	0.02384
-1.4	753	0.024693
-1.3	753	0.025577
-1.2	753	0.026492
-1.1	753	0.027437
-1	753	0.028413
-0.9	753	0.029421
-0.8	753	0.03046
-0.7	753	0.031532
-0.6	753	0.032637
-0.5	753	0.033776
-0.4	753	0.034948
-0.3	753	0.036155
-0.2	753	0.037397
-0.1	753	0.038675
0	753	0.03999
0.1	753	0.041343
0.2	753	0.042734
0.3	753	0.044165
0.4	753	0.045637
0.5	753	0.047152
0.6	753	0.04871
0.7	753	0.050313
0.8	753	0.051965
0.9	753	0.053667
1	753	0.055423
1.1	753	0.057236
1.2	753	0.05911
1.3	753	0.061051
1.4	753	0.063064
1.5	753	0.065157
1.6	753	0.067338
1.7	753	0.069617
1.8	753	0.072004
1.9	753	0.074513
2	753	0.077157
		
-3	763	0.01272
-2.9	763	0.012791
-2.8	763	0.01295
-2.7	763	0.013184
-2.6	763	0.013481
-2.5	763	0.013832
-2.4	763	0.01423
-2.3	763	0.014669
-2.2	763	0.015145
-2.1	763	0.015655
-2	763	0.016197
-1.9	763	0.016768
-1.8	763	0.017368
-1.7	763	0.017995
-1.6	763	0.018649
-1.5	763	0.01933
-1.4	763	0.020037
-1.3	763	0.020771
-1.2	763	0.021532
-1.1	763	0.022319
-1	763	0.023134
-0.9	763	0.023977
-0.8	763	0.024848
-0.7	763	0.025747
-0.6	763	0.026676
-0.5	763	0.027636
-0.4	763	0.028625
-0.3	763	0.029646
-0.2	763	0.030699
-0.1	763	0.031784
0	763	0.032903
0.1	763	0.034056
0.2	763	0.035245
0.3	763	0.036469
0.4	763	0.03773
0.5	763	0.039029
0.6	763	0.040368
0.7	763	0.041747
0.8	763	0.043167
0.9	763	0.044631
1	763	0.046141
1.1	763	0.047698
1.2	763	0.049304
1.3	763	0.050963
1.4	763	0.052677
1.5	763	0.054449
1.6	763	0.056285
1.7	763	0.058188
1.8	763	0.060163
1.9	763	0.062215
2	763	0.064352
		
-3	773	0.010211
-2.9	773	0.010268
-2.8	773	0.010398
-2.7	773	0.010588
-2.6	773	0.010829
-2.5	773	0.011114
-2.4	773	0.011438
-2.3	773	0.011795
-2.2	773	0.012183
-2.1	773	0.012599
-2	773	0.013042
-1.9	773	0.013508
-1.8	773	0.013999
-1.7	773	0.014513
-1.6	773	0.015049
-1.5	773	0.015608
-1.4	773	0.016189
-1.3	773	0.016793
-1.2	773	0.01742
-1.1	773	0.01807
-1	773	0.018743
-0.9	773	0.01944
-0.8	773	0.020162
-0.7	773	0.020909
-0.6	773	0.021681
-0.5	773	0.022479
-0.4	773	0.023304
-0.3	773	0.024156
-0.2	773	0.025036
-0.1	773	0.025945
0	773	0.026882
0.1	773	0.02785
0.2	773	0.028848
0.3	773	0.029878
0.4	773	0.030939
0.5	773	0.032033
0.6	773	0.033159
0.7	773	0.034319
0.8	773	0.035514
0.9	773	0.036742
1	773	0.038006
1.1	773	0.039304
1.2	773	0.040638
1.3	773	0.042006
1.4	773	0.043408
1.5	773	0.044844
1.6	773	0.046312
1.7	773	0.047809
1.8	773	0.049334
1.9	773	0.050882
2	773	0.05245
