1.000000 191.100000 188.491660 -1.364908 1.364908 
2.000000 133.000000 128.731211 -3.209616 3.209616 
3.000000 75.400000 74.309259 -1.446606 1.446606 
4.000000 177.700000 177.088677 -0.344020 0.344020 
5.000000 122.400000 121.187622 -0.990505 0.990505 
6.000000 203.700000 206.967052 1.603855 1.603855 
7.000000 173.000000 170.708923 -1.324322 1.324322 
8.000000 117.600000 115.512934 -1.774716 1.774716 
9.000000 197.300000 194.900707 -1.216063 1.216063 
10.000000 161.000000 159.330056 -1.037232 1.037232 
11.000000 199.100000 207.106867 4.021530 4.021530 
12.000000 190.000000 190.886350 0.466500 0.466500 
13.000000 151.800000 156.597242 3.160239 3.160239 
14.000000 205.900000 195.496967 -5.052469 5.052469 
15.000000 133.500000 128.662647 -3.623486 3.623486 
16.000000 73.300000 72.282653 -1.387923 1.387923 
17.000000 190.100000 184.280808 -3.061122 3.061122 
18.000000 123.000000 122.445954 -0.450444 0.450444 
19.000000 228.400000 219.530743 -3.883212 3.883212 
20.000000 183.100000 176.470330 -3.620792 3.620792 
21.000000 117.400000 116.005834 -1.187535 1.187535 
22.000000 215.000000 203.806595 -5.206235 5.206235 
23.000000 164.500000 162.509997 -1.209729 1.209729 
24.000000 220.500000 216.338455 -1.887322 1.887322 
25.000000 203.000000 197.505353 -2.706722 2.706722 
26.000000 159.200000 158.010863 -0.746945 0.746945 
27.000000 209.600000 201.176014 -4.019077 4.019077 
28.000000 130.300000 127.602377 -2.070317 2.070317 
29.000000 70.000000 69.616052 -0.548497 0.548497 
30.000000 192.400000 189.693210 -1.406855 1.406855 
31.000000 121.900000 122.759831 0.705358 0.705358 
32.000000 236.100000 230.032484 -2.569893 2.569893 
33.000000 183.100000 179.869540 -1.764315 1.764315 
34.000000 114.700000 115.358478 0.574087 0.574087 
35.000000 217.700000 210.293884 -3.401983 3.401983 
36.000000 159.200000 163.217449 2.523523 2.523523 
37.000000 226.200000 223.437674 -1.221187 1.221187 
38.000000 202.700000 201.615574 -0.534990 0.534990 
39.000000 158.100000 156.946307 -0.729723 0.729723 
40.000000 210.000000 204.391500 -2.670714 2.670714 
41.000000 126.400000 124.857204 -1.220566 1.220566 
42.000000 66.700000 66.199205 -0.750817 0.750817 
43.000000 193.800000 192.500551 -0.670510 0.670510 
44.000000 121.400000 121.732878 0.274200 0.274200 
45.000000 240.700000 237.698215 -1.247106 1.247106 
46.000000 181.000000 180.444393 -0.306965 0.306965 
47.000000 112.000000 113.467155 1.309960 1.309960 
48.000000 217.400000 214.016842 -1.556190 1.556190 
49.000000 154.300000 161.369021 4.581349 4.581349 
50.000000 229.000000 228.372971 -0.273812 0.273812 
51.000000 199.300000 203.148864 1.931191 1.931191 
52.000000 154.900000 153.574716 -0.855574 0.855574 
53.000000 207.300000 204.278529 -1.457535 1.457535 
54.000000 118.600000 119.923578 1.116002 1.116002 
55.000000 61.700000 62.319815 1.004563 1.004563 
56.000000 191.400000 192.280469 0.460015 0.460015 
57.000000 117.000000 119.160442 1.846531 1.846531 
58.000000 244.100000 242.151002 -0.798442 0.798442 
59.000000 180.300000 178.167370 -1.182823 1.182823 
60.000000 110.100000 110.437342 0.306396 0.306396 
61.000000 216.500000 214.950048 -0.715913 0.715913 
62.000000 150.500000 157.221093 4.465843 4.465843 
63.000000 230.900000 231.291546 0.169574 0.169574 
64.000000 196.000000 202.254113 3.190874 3.190874 
65.000000 151.000000 148.300088 -1.788021 1.788021 
66.000000 205.700000 200.416188 -2.568698 2.568698 
67.000000 113.300000 112.676981 -0.549884 0.549884 
68.000000 58.500000 58.508484 0.014503 0.014503 
69.000000 191.800000 189.049600 -1.433994 1.433994 
70.000000 115.600000 115.011422 -0.509150 0.509150 
71.000000 245.900000 243.368214 -1.029600 1.029600 
72.000000 179.200000 173.370452 -3.253096 3.253096 
73.000000 108.800000 106.495903 -2.117736 2.117736 
74.000000 215.600000 213.287914 -1.072396 1.072396 
75.000000 148.300000 151.244992 1.985834 1.985834 
76.000000 232.300000 232.417194 0.050450 0.050450 
77.000000 194.400000 199.197328 2.467761 2.467761 
78.000000 146.800000 141.635328 -3.518169 3.518169 
