1.000000 193.300000 190.857568 -1.263545 1.263545 
2.000000 140.000000 136.926674 -2.195233 2.195233 
3.000000 77.500000 75.735323 -2.277003 2.277003 
4.000000 183.600000 182.527551 -0.584123 0.584123 
5.000000 133.400000 131.174535 -1.668264 1.668264 
6.000000 208.400000 201.615176 -3.255674 3.255674 
7.000000 174.700000 173.215705 -0.849625 0.849625 
8.000000 124.400000 128.329484 3.158749 3.158749 
9.000000 195.700000 195.661666 -0.019588 0.019588 
10.000000 175.600000 174.154118 -0.823395 0.823395 
11.000000 196.200000 205.826176 4.906308 4.906308 
12.000000 190.100000 193.733519 1.911372 1.911372 
13.000000 158.200000 155.645297 -1.614857 1.614857 
14.000000 212.100000 210.916814 -0.557843 0.557843 
15.000000 144.300000 143.732765 -0.393094 0.393094 
16.000000 76.700000 76.085241 -0.801511 0.801511 
17.000000 200.500000 198.030436 -1.231703 1.231703 
18.000000 135.500000 136.053816 0.408720 0.408720 
19.000000 232.600000 221.409805 -4.810918 4.810918 
20.000000 183.600000 183.228445 -0.202372 0.202372 
21.000000 127.400000 129.405496 1.574173 1.574173 
22.000000 214.300000 210.309975 -1.861887 1.861887 
23.000000 187.400000 181.238887 -3.287680 3.287680 
24.000000 219.700000 225.456590 2.620205 2.620205 
25.000000 206.800000 206.217338 -0.281751 0.281751 
26.000000 164.600000 159.855425 -2.882488 2.882488 
27.000000 217.500000 217.244772 -0.117346 0.117346 
28.000000 140.400000 142.796659 1.707022 1.707022 
29.000000 73.300000 73.369860 0.095307 0.095307 
30.000000 207.500000 204.825085 -1.289116 1.289116 
31.000000 134.600000 136.407332 1.342743 1.342743 
32.000000 242.700000 229.893047 -5.276866 5.276866 
33.000000 185.100000 186.218180 0.604095 0.604095 
34.000000 126.800000 126.804262 0.003361 0.003361 
35.000000 219.300000 214.010623 -2.411937 2.411937 
36.000000 188.300000 181.135960 -3.804589 3.804589 
37.000000 227.700000 230.396957 1.184434 1.184434 
38.000000 210.300000 208.439443 -0.884716 0.884716 
39.000000 160.700000 158.087341 -1.625799 1.625799 
40.000000 216.500000 217.178517 0.313403 0.313403 
41.000000 136.500000 138.212788 1.254790 1.254790 
42.000000 69.200000 69.276557 0.110632 0.110632 
43.000000 210.800000 208.556408 -1.064323 1.064323 
44.000000 133.800000 135.088061 0.962676 0.962676 
45.000000 248.300000 237.244116 -4.452631 4.452631 
46.000000 185.100000 188.858771 2.030670 2.030670 
47.000000 125.100000 124.208895 -0.712314 0.712314 
48.000000 220.900000 216.150809 -2.149928 2.149928 
49.000000 186.700000 180.198551 -3.482297 3.482297 
50.000000 232.000000 231.776431 -0.096366 0.096366 
51.000000 210.100000 208.452837 -0.783990 0.783990 
52.000000 155.700000 155.201504 -0.320164 0.320164 
53.000000 214.500000 213.426139 -0.500635 0.500635 
54.000000 129.400000 131.539086 1.653080 1.653080 
55.000000 63.600000 64.494116 1.405842 1.405842 
56.000000 210.700000 209.307471 -0.660906 0.660906 
57.000000 131.700000 131.893433 0.146874 0.146874 
58.000000 252.200000 245.391963 -2.699460 2.699460 
59.000000 185.300000 192.018267 3.625616 3.625616 
60.000000 123.500000 121.889952 -1.303683 1.303683 
61.000000 221.700000 219.858926 -0.830435 0.830435 
62.000000 183.700000 180.414351 -1.788595 1.788595 
63.000000 234.100000 233.413054 -0.293441 0.293441 
64.000000 209.500000 208.829646 -0.319978 0.319978 
65.000000 151.800000 152.661311 0.567399 0.567399 
66.000000 212.700000 207.379867 -2.501238 2.501238 
67.000000 124.700000 123.739630 -0.770145 0.770145 
68.000000 59.700000 59.497003 -0.340028 0.340028 
69.000000 211.100000 206.794110 -2.039739 2.039739 
70.000000 129.600000 126.711139 -2.229059 2.229059 
71.000000 254.800000 252.672248 -0.835067 0.835067 
72.000000 185.300000 194.217028 4.812212 4.812212 
73.000000 122.700000 118.877533 -3.115295 3.115295 
74.000000 222.200000 225.785255 1.613526 1.613526 
75.000000 180.400000 182.110674 0.948267 0.948267 
76.000000 236.500000 236.852894 0.149215 0.149215 
77.000000 209.200000 210.714837 0.724109 0.724109 
78.000000 149.100000 151.150880 1.375507 1.375507 
